%YAML:1.0
aruco_bc_nmarkers: 24
aruco_bc_mInfoType: 0
aruco_bc_markers:
   - { id:810, corners:[ [ -350., -230., 0. ], [ -250., -230., 0. ], [
       -250., -130., 0. ], [ -350., -130., 0. ] ] }
   - { id:252, corners:[ [ -230., -230., 0. ], [ -130., -230., 0. ], [
       -130., -130., 0. ], [ -230., -130., 0. ] ] }
   - { id:12, corners:[ [ -110., -230., 0. ], [ -10., -230., 0. ], [
       -10., -130., 0. ], [ -110., -130., 0. ] ] }
   - { id:129, corners:[ [ 10., -230., 0. ], [ 110., -230., 0. ], [ 110.,
       -130., 0. ], [ 10., -130., 0. ] ] }
   - { id:594, corners:[ [ 130., -230., 0. ], [ 230., -230., 0. ], [
       230., -130., 0. ], [ 130., -130., 0. ] ] }
   - { id:400, corners:[ [ 250., -230., 0. ], [ 350., -230., 0. ], [
       350., -130., 0. ], [ 250., -130., 0. ] ] }
   - { id:197, corners:[ [ -350., -110., 0. ], [ -250., -110., 0. ], [
       -250., -10., 0. ], [ -350., -10., 0. ] ] }
   - { id:398, corners:[ [ -230., -110., 0. ], [ -130., -110., 0. ], [
       -130., -10., 0. ], [ -230., -10., 0. ] ] }
   - { id:218, corners:[ [ -110., -110., 0. ], [ -10., -110., 0. ], [
       -10., -10., 0. ], [ -110., -10., 0. ] ] }
   - { id:781, corners:[ [ 10., -110., 0. ], [ 110., -110., 0. ], [ 110.,
       -10., 0. ], [ 10., -10., 0. ] ] }
   - { id:523, corners:[ [ 130., -110., 0. ], [ 230., -110., 0. ], [
       230., -10., 0. ], [ 130., -10., 0. ] ] }
   - { id:341, corners:[ [ 250., -110., 0. ], [ 350., -110., 0. ], [
       350., -10., 0. ], [ 250., -10., 0. ] ] }
   - { id:95, corners:[ [ -350., 10., 0. ], [ -250., 10., 0. ], [ -250.,
       110., 0. ], [ -350., 110., 0. ] ] }
   - { id:286, corners:[ [ -230., 10., 0. ], [ -130., 10., 0. ], [ -130.,
       110., 0. ], [ -230., 110., 0. ] ] }
   - { id:676, corners:[ [ -110., 10., 0. ], [ -10., 10., 0. ], [ -10.,
       110., 0. ], [ -110., 110., 0. ] ] }
   - { id:126, corners:[ [ 10., 10., 0. ], [ 110., 10., 0. ], [ 110.,
       110., 0. ], [ 10., 110., 0. ] ] }
   - { id:466, corners:[ [ 130., 10., 0. ], [ 230., 10., 0. ], [ 230.,
       110., 0. ], [ 130., 110., 0. ] ] }
   - { id:638, corners:[ [ 250., 10., 0. ], [ 350., 10., 0. ], [ 350.,
       110., 0. ], [ 250., 110., 0. ] ] }
   - { id:514, corners:[ [ -350., 130., 0. ], [ -250., 130., 0. ], [
       -250., 230., 0. ], [ -350., 230., 0. ] ] }
   - { id:807, corners:[ [ -230., 130., 0. ], [ -130., 130., 0. ], [
       -130., 230., 0. ], [ -230., 230., 0. ] ] }
   - { id:1010, corners:[ [ -110., 130., 0. ], [ -10., 130., 0. ], [
       -10., 230., 0. ], [ -110., 230., 0. ] ] }
   - { id:280, corners:[ [ 10., 130., 0. ], [ 110., 130., 0. ], [ 110.,
       230., 0. ], [ 10., 230., 0. ] ] }
   - { id:413, corners:[ [ 130., 130., 0. ], [ 230., 130., 0. ], [ 230.,
       230., 0. ], [ 130., 230., 0. ] ] }
   - { id:344, corners:[ [ 250., 130., 0. ], [ 350., 130., 0. ], [ 350.,
       230., 0. ], [ 250., 230., 0. ] ] }
