%YAML:1.0
aruco_bc_nmarkers: 15
aruco_bc_mInfoType: 1
aruco_bc_markers:
   - { id:590, corners:[ [ -1.4500001072883606e-001,
       -8.5000000894069672e-002, 0. ], [ -9.5000006258487701e-002,
       -8.5000000894069672e-002, 0. ], [ -9.5000006258487701e-002,
       -3.5000000149011612e-002, 0. ], [ -1.4500001072883606e-001,
       -3.5000000149011612e-002, 0. ] ] }
   - { id:982, corners:[ [ -8.5000000894069672e-002,
       -8.5000000894069672e-002, 0. ], [ -3.5000000149011612e-002,
       -8.5000000894069672e-002, 0. ], [ -3.5000000149011612e-002,
       -3.5000000149011612e-002, 0. ], [ -8.5000000894069672e-002,
       -3.5000000149011612e-002, 0. ] ] }
   - { id:604, corners:[ [ -2.5000000372529030e-002,
       -8.5000000894069672e-002, 0. ], [ 2.5000000372529030e-002,
       -8.5000000894069672e-002, 0. ], [ 2.5000000372529030e-002,
       -3.5000000149011612e-002, 0. ], [ -2.5000000372529030e-002,
       -3.5000000149011612e-002, 0. ] ] }
   - { id:435, corners:[ [ 3.5000000149011612e-002,
       -8.5000000894069672e-002, 0. ], [ 8.5000000894069672e-002,
       -8.5000000894069672e-002, 0. ], [ 8.5000000894069672e-002,
       -3.5000000149011612e-002, 0. ], [ 3.5000000149011612e-002,
       -3.5000000149011612e-002, 0. ] ] }
   - { id:599, corners:[ [ 9.5000006258487701e-002,
       -8.5000000894069672e-002, 0. ], [ 1.4500001072883606e-001,
       -8.5000000894069672e-002, 0. ], [ 1.4500001072883606e-001,
       -3.5000000149011612e-002, 0. ], [ 9.5000006258487701e-002,
       -3.5000000149011612e-002, 0. ] ] }
   - { id:253, corners:[ [ -1.4500001072883606e-001,
       -2.5000000372529030e-002, 0. ], [ -9.5000006258487701e-002,
       -2.5000000372529030e-002, 0. ], [ -9.5000006258487701e-002,
       2.5000000372529030e-002, 0. ], [ -1.4500001072883606e-001,
       2.5000000372529030e-002, 0. ] ] }
   - { id:127, corners:[ [ -8.5000000894069672e-002,
       -2.5000000372529030e-002, 0. ], [ -3.5000000149011612e-002,
       -2.5000000372529030e-002, 0. ], [ -3.5000000149011612e-002,
       2.5000000372529030e-002, 0. ], [ -8.5000000894069672e-002,
       2.5000000372529030e-002, 0. ] ] }
   - { id:347, corners:[ [ -2.5000000372529030e-002,
       -2.5000000372529030e-002, 0. ], [ 2.5000000372529030e-002,
       -2.5000000372529030e-002, 0. ], [ 2.5000000372529030e-002,
       2.5000000372529030e-002, 0. ], [ -2.5000000372529030e-002,
       2.5000000372529030e-002, 0. ] ] }
   - { id:810, corners:[ [ 3.5000000149011612e-002,
       -2.5000000372529030e-002, 0. ], [ 8.5000000894069672e-002,
       -2.5000000372529030e-002, 0. ], [ 8.5000000894069672e-002,
       2.5000000372529030e-002, 0. ], [ 3.5000000149011612e-002,
       2.5000000372529030e-002, 0. ] ] }
   - { id:305, corners:[ [ 9.5000006258487701e-002,
       -2.5000000372529030e-002, 0. ], [ 1.4500001072883606e-001,
       -2.5000000372529030e-002, 0. ], [ 1.4500001072883606e-001,
       2.5000000372529030e-002, 0. ], [ 9.5000006258487701e-002,
       2.5000000372529030e-002, 0. ] ] }
   - { id:110, corners:[ [ -1.4500001072883606e-001,
       3.5000000149011612e-002, 0. ], [ -9.5000006258487701e-002,
       3.5000000149011612e-002, 0. ], [ -9.5000006258487701e-002,
       8.5000000894069672e-002, 0. ], [ -1.4500001072883606e-001,
       8.5000000894069672e-002, 0. ] ] }
   - { id:438, corners:[ [ -8.5000000894069672e-002,
       3.5000000149011612e-002, 0. ], [ -3.5000000149011612e-002,
       3.5000000149011612e-002, 0. ], [ -3.5000000149011612e-002,
       8.5000000894069672e-002, 0. ], [ -8.5000000894069672e-002,
       8.5000000894069672e-002, 0. ] ] }
   - { id:202, corners:[ [ -2.5000000372529030e-002,
       3.5000000149011612e-002, 0. ], [ 2.5000000372529030e-002,
       3.5000000149011612e-002, 0. ], [ 2.5000000372529030e-002,
       8.5000000894069672e-002, 0. ], [ -2.5000000372529030e-002,
       8.5000000894069672e-002, 0. ] ] }
   - { id:885, corners:[ [ 3.5000000149011612e-002,
       3.5000000149011612e-002, 0. ], [ 8.5000000894069672e-002,
       3.5000000149011612e-002, 0. ], [ 8.5000000894069672e-002,
       8.5000000894069672e-002, 0. ], [ 3.5000000149011612e-002,
       8.5000000894069672e-002, 0. ] ] }
   - { id:946, corners:[ [ 9.5000006258487701e-002,
       3.5000000149011612e-002, 0. ], [ 1.4500001072883606e-001,
       3.5000000149011612e-002, 0. ], [ 1.4500001072883606e-001,
       8.5000000894069672e-002, 0. ], [ 9.5000006258487701e-002,
       8.5000000894069672e-002, 0. ] ] }
